3.809523809523809867e-01 7.142857142857139685e-01 1.202824779829825275e+01 1.437400509894359857e+01
3.333333333333329818e-01 1.428571428571429880e-01 1.055325478009763174e+02 1.078452432993799448e+02
9.523809523809520505e-02 3.333333333333329818e-01 4.880756180136813782e+01 4.992037139891181141e+01
4.285714285714289917e-01 5.714285714285709528e-01 1.024065040983259678e+02 1.015628152017598040e+02
3.809523809523809867e-01 3.333333333333329818e-01 3.295622350997291505e+02 3.301815662016451824e+02
1.428571428571429880e-01 1.904761904761899938e-01 1.489027310999517795e+02 1.519238748987845611e+02
3.333333333333329818e-01 7.142857142857139685e-01 8.037154198973439634e+00 1.094264970015501603e+01
1.428571428571429880e-01 6.666666666666669627e-01 1.945193501014728099e+02 1.948677918007888366e+02
7.142857142857139685e-01 8.571428571428569843e-01 1.374566708000202198e+02 1.400429767018067650e+02
2.380952380952379988e-01 7.142857142857139685e-01 7.235561279958346859e+01 7.428898159923846833e+01
1.904761904761899938e-01 8.095238095238099785e-01 1.343220554990693927e+02 1.363595078000798821e+02
0.000000000000000000e+00 5.714285714285709528e-01 2.886050212982809171e+02 2.853789756991318427e+02
6.666666666666669627e-01 4.285714285714289917e-01 2.474834509848733433e+01 2.647150589837110601e+01
7.619047619047619735e-01 7.142857142857139685e-01 3.145540679906844161e+01 3.224889079865533859e+01
4.285714285714289917e-01 3.809523809523809867e-01 3.010637531988322735e+02 2.987759561983693857e+02
7.619047619047619735e-01 4.761904761904759975e-01 7.235561279958346859e+01 7.428898159923846833e+01
5.714285714285709528e-01 0.000000000000000000e+00 2.886050212982809171e+02 2.853789756991318427e+02
5.238095238095239470e-01 4.761904761904759975e-01 1.669608853990212083e+02 1.624835244001587853e+02
0.000000000000000000e+00 3.333333333333329818e-01 1.123503599956165999e+01 1.023270469886483625e+01
3.333333333333329818e-01 2.857142857142859760e-01 3.210766373013029806e+02 3.236155954000423662e+02
9.523809523809520505e-02 8.095238095238099785e-01 2.111494509990734514e+02 2.152095255005406216e+02
3.333333333333329818e-01 9.523809523809519950e-01 2.006635439829551615e+01 1.873952740061213262e+01
6.190476190476189577e-01 1.428571428571429880e-01 1.517026463989168406e+02 1.513219590997323394e+02
4.761904761904760253e-02 3.809523809523809867e-01 2.006635439829551615e+01 1.873952740061213262e+01
7.142857142857139685e-01 6.666666666666669627e-01 1.821638850015006028e+01 1.788563410082133487e+01
7.142857142857139685e-01 6.190476190476189577e-01 3.228861940078786574e+01 3.198970239827758633e+01
7.142857142857139685e-01 2.380952380952379988e-01 7.235561279958346859e+01 7.428898159923846833e+01
5.714285714285709528e-01 1.428571428571429880e-01 1.024063680997642223e+02 1.015628152017598040e+02
1.904761904761899938e-01 9.047619047619049892e-01 7.322800980182364583e+01 7.503974370047217235e+01
8.571428571428569843e-01 1.428571428571429880e-01 1.374566708000202198e+02 1.400429767018067650e+02
7.142857142857139685e-01 0.000000000000000000e+00 3.185903332014277112e+02 3.224558463007269893e+02
8.095238095238099785e-01 6.666666666666669627e-01 1.055325478009763174e+02 1.078452432993799448e+02
9.523809523809519950e-01 8.571428571428569843e-01 9.426077649914077483e+01 9.572311619922402315e+01
4.285714285714289917e-01 2.380952380952379988e-01 1.473648797000350896e+02 1.492960715986555442e+02
3.333333333333329818e-01 9.523809523809520505e-02 4.880756180136813782e+01 4.992037139891181141e+01
5.238095238095239470e-01 7.142857142857139685e-01 5.042337379927630536e+01 5.164843030070187524e+01
9.523809523809520505e-02 9.523809523809519950e-01 6.623958229829440825e+01 6.727674409921746701e+01
6.190476190476189577e-01 4.761904761904760253e-02 3.010637531988322735e+02 2.987759561983693857e+02
1.428571428571429880e-01 5.238095238095239470e-01 6.167745780112454668e+01 6.100819379935273901e+01
8.571428571428569843e-01 5.714285714285709528e-01 2.167604382993886247e+02 2.179733857010432985e+02
1.904761904761899938e-01 3.333333333333329818e-01 1.813561154012859333e+02 1.842074601991043892e+02
5.238095238095239470e-01 0.000000000000000000e+00 2.165420669007289689e+02 2.116510929008654784e+02
3.333333333333329818e-01 7.619047619047619735e-01 2.474834509848733433e+01 2.647136989980936050e+01
5.714285714285709528e-01 5.238095238095239470e-01 9.689075670030433685e+01 9.301966529892524704e+01
8.095238095238099785e-01 8.095238095238099785e-01 4.493783100042492151e+01 4.609050519866286777e+01
2.380952380952379988e-01 3.333333333333329818e-01 2.590961807982239407e+02 2.628518958990753163e+02
8.571428571428569843e-01 0.000000000000000000e+00 1.257764565998513717e+02 1.282782712005428039e+02
1.428571428571429880e-01 7.619047619047619735e-01 2.108869971998501569e+02 2.136870485992403701e+02
7.142857142857139685e-01 7.142857142857139685e-01 1.466693570182542317e+01 1.480204020117525943e+01
4.761904761904760253e-02 9.523809523809520505e-02 5.970109500049147755e+01 5.987089400150580332e+01
9.523809523809519950e-01 0.000000000000000000e+00 5.055888650167617016e+01 4.966091080132173374e+01
2.857142857142859760e-01 6.666666666666669627e-01 1.202824779829825275e+01 1.437400509894359857e+01
9.047619047619049892e-01 3.809523809523809867e-01 6.008790479972958565e+01 5.769425550170126371e+01
0.000000000000000000e+00 3.809523809523809867e-01 2.869508410003618337e+01 2.612115940064541064e+01
4.285714285714289917e-01 4.285714285714289917e-01 2.886050212982809171e+02 2.853789756991318427e+02
6.666666666666669627e-01 0.000000000000000000e+00 3.468562937996466644e+02 3.487450358989008237e+02
3.333333333333329818e-01 2.380952380952379988e-01 2.590961807982239407e+02 2.628518958990753163e+02
3.809523809523809867e-01 8.571428571428569843e-01 6.167745780112454668e+01 6.100832980155246332e+01
1.428571428571429880e-01 4.761904761904760253e-02 6.623944620150723495e+01 6.727674409921746701e+01
9.523809523809519950e-01 6.666666666666669627e-01 3.210766373013029806e+02 3.236155954000423662e+02
1.428571428571429880e-01 2.857142857142859760e-01 1.374566708000202198e+02 1.400429767018067650e+02
0.000000000000000000e+00 9.523809523809519950e-01 5.055888650167617016e+01 4.966091080132173374e+01
2.380952380952379988e-01 5.714285714285709528e-01 2.474834509848733433e+01 2.647150589837110601e+01
7.619047619047619735e-01 3.333333333333329818e-01 2.474834509848733433e+01 2.647136989980936050e+01
7.619047619047619735e-01 5.238095238095239470e-01 8.637859109876444563e+01 8.828651719886693172e+01
5.714285714285709528e-01 6.190476190476189577e-01 4.606383810096303932e+01 4.310133470062282868e+01
8.095238095238099785e-01 3.809523809523809867e-01 5.014731430128449574e+01 5.068718819893547334e+01
4.761904761904759975e-01 7.142857142857139685e-01 4.317140399871277623e+01 4.492463350106845610e+01
6.190476190476189577e-01 8.095238095238099785e-01 1.343220554990693927e+02 1.363595078000798821e+02
1.428571428571429880e-01 4.761904761904759975e-01 4.175518760166596621e+01 4.114606080111116171e+01
8.095238095238099785e-01 0.000000000000000000e+00 1.916526308013999369e+02 1.953275281994137913e+02
4.761904761904760253e-02 4.761904761904760253e-02 5.055888650167617016e+01 4.966091080132173374e+01
3.809523809523809867e-01 8.095238095238099785e-01 5.014731430128449574e+01 5.068718819893547334e+01
5.714285714285709528e-01 3.809523809523809867e-01 7.936757809875416569e+01 8.008255720051238313e+01
9.047619047619049892e-01 3.333333333333329818e-01 3.338020409864839166e+01 3.241392780182650313e+01
9.047619047619049892e-01 8.571428571428569843e-01 6.623944620150723495e+01 6.727674409921746701e+01
3.809523809523809867e-01 6.666666666666669627e-01 8.037154198973439634e+00 1.094264970015501603e+01
9.523809523809520505e-02 0.000000000000000000e+00 5.346900790027575567e+01 5.356914579897420481e+01
4.285714285714289917e-01 1.904761904761899938e-01 8.559694409996154718e+01 8.715602030133595690e+01
6.190476190476189577e-01 8.571428571428569843e-01 2.108869971998501569e+02 2.136870485992403701e+02
7.619047619047619735e-01 2.380952380952379988e-01 8.637859109876444563e+01 8.828651719886693172e+01
7.619047619047619735e-01 9.523809523809519950e-01 2.158521222991112154e+02 2.193116415000986308e+02
1.428571428571429880e-01 5.714285714285709528e-01 1.024063680997642223e+02 1.015628152017598040e+02
6.666666666666669627e-01 5.238095238095239470e-01 4.175532369845313951e+01 4.114606080111116171e+01
4.761904761904759975e-01 3.333333333333329818e-01 1.945193501014728099e+02 1.948677918007888366e+02
7.619047619047619735e-01 1.428571428571429880e-01 2.108869971998501569e+02 2.136870485992403701e+02
4.761904761904760253e-02 4.761904761904759975e-01 9.689062059987918474e+01 9.301966529892524704e+01
0.000000000000000000e+00 1.904761904761899938e-01 4.493783100042492151e+01 4.609050519866286777e+01
3.333333333333329818e-01 4.761904761904759975e-01 1.945193501014728099e+02 1.948677918007888366e+02
2.380952380952379988e-01 9.047619047619049892e-01 4.880756180136813782e+01 4.992037139891181141e+01
3.333333333333329818e-01 3.333333333333329818e-01 3.468562937996466644e+02 3.487450358989008237e+02
9.523809523809519950e-01 1.904761904761899938e-01 4.985914580174721777e+01 5.108637920056935400e+01
8.095238095238099785e-01 7.619047619047619735e-01 4.985914580174721777e+01 5.108637920056935400e+01
2.857142857142859760e-01 8.571428571428569843e-01 4.619431660103145987e+01 4.614588039839873090e+01
6.666666666666669627e-01 7.619047619047619735e-01 4.880756180136813782e+01 4.992037139891181141e+01
5.714285714285709528e-01 4.761904761904760253e-02 2.407018297999456991e+02 2.373684353005955927e+02
7.142857142857139685e-01 9.523809523809519950e-01 2.787315068999305367e+02 2.824108940985752270e+02
2.380952380952379988e-01 3.809523809523809867e-01 2.108869971998501569e+02 2.136870485992403701e+02
7.142857142857139685e-01 7.619047619047619735e-01 3.145540679906844161e+01 3.224889079865533859e+01
4.285714285714289917e-01 5.238095238095239470e-01 1.721540418984659482e+02 1.693704534009157214e+02
7.142857142857139685e-01 3.809523809523809867e-01 1.202824779829825275e+01 1.437400509894359857e+01
9.523809523809520505e-02 6.190476190476189577e-01 2.329143399983877316e+02 2.309325349015125539e+02
5.238095238095239470e-01 9.523809523809520505e-02 1.092191460993490182e+02 1.064109313010703772e+02
4.285714285714289917e-01 3.333333333333329818e-01 2.731991604996437673e+02 2.733768508005596232e+02
3.809523809523809867e-01 3.809523809523809867e-01 3.367333870992297307e+02 3.354026142988004722e+02
0.000000000000000000e+00 7.142857142857139685e-01 3.185903332014277112e+02 3.224558463007269893e+02
0.000000000000000000e+00 0.000000000000000000e+00 4.246676529874093831e+01 4.179382780057494529e+01
5.238095238095239470e-01 2.857142857142859760e-01 7.235561279958346859e+01 7.428898159923846833e+01
1.904761904761899938e-01 2.857142857142859760e-01 2.111494509990734514e+02 2.152095255005406216e+02
5.714285714285709528e-01 7.142857142857139685e-01 4.619431660103145987e+01 4.614588039839873090e+01
4.285714285714289917e-01 6.190476190476189577e-01 5.014731430128449574e+01 5.068718819893547334e+01
6.190476190476189577e-01 1.904761904761899938e-01 7.936757809875416569e+01 8.008255720051238313e+01
5.714285714285709528e-01 9.523809523809520505e-02 1.721540418984659482e+02 1.693704534009157214e+02
4.761904761904760253e-02 1.428571428571429880e-01 6.623944620150723495e+01 6.727674409921746701e+01
8.095238095238099785e-01 1.428571428571429880e-01 1.813561154012859333e+02 1.842074601991043892e+02
7.142857142857139685e-01 5.238095238095239470e-01 5.042337379927630536e+01 5.164843030070187524e+01
2.380952380952379988e-01 2.857142857142859760e-01 2.787315068999305367e+02 2.824107580017880537e+02
1.904761904761899938e-01 2.380952380952379988e-01 2.158521222991112154e+02 2.193116415000986308e+02
0.000000000000000000e+00 8.571428571428569843e-01 1.257764565998513717e+02 1.282782712005428039e+02
6.666666666666669627e-01 2.857142857142859760e-01 1.202824779829825275e+01 1.437400509894359857e+01
2.380952380952379988e-01 0.000000000000000000e+00 2.862351819931063801e+01 3.002816980006173253e+01
4.285714285714289917e-01 1.428571428571429880e-01 4.619431660103145987e+01 4.614588039839873090e+01
4.761904761904760253e-02 6.190476190476189577e-01 3.010637531988322735e+02 2.987759561983693857e+02
4.285714285714289917e-01 8.571428571428569843e-01 1.024065040983259678e+02 1.015628152017598040e+02
7.619047619047619735e-01 6.666666666666669627e-01 4.880756180136813782e+01 4.992037139891181141e+01
5.714285714285709528e-01 1.904761904761899938e-01 5.014731430128449574e+01 5.068718819893547334e+01
7.142857142857139685e-01 4.285714285714289917e-01 2.730648720171302557e+01 2.937985859898617491e+01
9.523809523809519950e-01 2.380952380952379988e-01 3.145540679906844161e+01 3.224889079865533859e+01
9.047619047619049892e-01 4.761904761904759975e-01 1.721540418984659482e+02 1.693704534009157214e+02
1.428571428571429880e-01 2.380952380952379988e-01 1.532652601017616689e+02 1.564850469985685777e+02
4.761904761904760253e-02 8.571428571428569843e-01 1.489027310999517795e+02 1.519238748987845611e+02
0.000000000000000000e+00 1.428571428571429880e-01 5.316668939849478193e+01 5.470848640106851235e+01
3.809523809523809867e-01 0.000000000000000000e+00 2.869508410003618337e+01 2.612115940064541064e+01
6.666666666666669627e-01 8.571428571428569843e-01 1.813561154012859333e+02 1.842074601991043892e+02
7.619047619047619735e-01 4.761904761904760253e-02 2.787315068999305367e+02 2.824107580017880537e+02
6.190476190476189577e-01 5.238095238095239470e-01 6.008790479972958565e+01 5.769425550170126371e+01
9.523809523809520505e-02 2.857142857142859760e-01 7.322800980182364583e+01 7.503974370047217235e+01
5.238095238095239470e-01 2.380952380952379988e-01 4.317140399871277623e+01 4.492463350106845610e+01
9.047619047619049892e-01 5.238095238095239470e-01 2.329143399983877316e+02 2.309326709982997272e+02
1.428571428571429880e-01 0.000000000000000000e+00 5.316668939849478193e+01 5.470848640106851235e+01
0.000000000000000000e+00 6.666666666666669627e-01 3.468562937996466644e+02 3.487450358989008237e+02
3.809523809523809867e-01 2.380952380952379988e-01 2.108869971998501569e+02 2.136870485992403701e+02
9.047619047619049892e-01 9.523809523809519950e-01 5.970109500049147755e+01 5.987089400150580332e+01
8.571428571428569843e-01 6.666666666666669627e-01 1.813561154012859333e+02 1.842074601991043892e+02
0.000000000000000000e+00 4.761904761904759975e-01 1.378913726002792828e+02 1.333087036000506487e+02
6.190476190476189577e-01 5.714285714285709528e-01 4.606383810096303932e+01 4.310133470062282868e+01
9.047619047619049892e-01 0.000000000000000000e+00 7.699420129938516766e+01 7.776850119989831001e+01
6.190476190476189577e-01 9.047619047619049892e-01 2.831813843986310530e+02 2.849755669994920027e+02
7.619047619047619735e-01 7.619047619047619735e-01 2.862351819931063801e+01 3.002816980006173253e+01
9.047619047619049892e-01 9.047619047619049892e-01 5.346900790027575567e+01 5.356914579897420481e+01
4.761904761904759975e-01 8.095238095238099785e-01 1.137909306016808841e+02 1.149219717990490608e+02
4.761904761904760253e-02 9.047619047619049892e-01 9.426077649914077483e+01 9.572311619922402315e+01
5.714285714285709528e-01 9.047619047619049892e-01 2.731991604996437673e+02 2.733769869009847753e+02
4.285714285714289917e-01 9.523809523809519950e-01 9.689075670030433685e+01 9.301966529892524704e+01
1.428571428571429880e-01 9.047619047619049892e-01 9.342633940104860812e+01 9.565277479850919917e+01
8.095238095238099785e-01 5.238095238095239470e-01 1.395964379007637035e+02 1.413608240000030492e+02
6.190476190476189577e-01 2.380952380952379988e-01 2.971401439936016686e+01 3.159119169868063182e+01
4.761904761904759975e-01 9.523809523809520505e-02 6.008790479972958565e+01 5.769425550170126371e+01
2.380952380952379988e-01 1.428571428571429880e-01 1.532652601017616689e+02 1.564850469985685777e+02
9.047619047619049892e-01 6.190476190476189577e-01 2.831813843986310530e+02 2.849755669994920027e+02
2.380952380952379988e-01 6.190476190476189577e-01 2.971401439936016686e+01 3.159119169868063182e+01
3.333333333333329818e-01 1.904761904761899938e-01 1.813561154012859333e+02 1.842074601991043892e+02
4.761904761904760253e-02 6.666666666666669627e-01 3.295623712001543026e+02 3.301817022984323557e+02
6.666666666666669627e-01 1.904761904761899938e-01 1.137909306016808841e+02 1.149219717990490608e+02
2.857142857142859760e-01 5.238095238095239470e-01 7.235561279958346859e+01 7.428898159923846833e+01
4.285714285714289917e-01 7.619047619047619735e-01 4.959179390061763115e+01 5.159142240154324099e+01
4.761904761904760253e-02 5.238095238095239470e-01 1.669608853990212083e+02 1.624835244001587853e+02
8.571428571428569843e-01 9.047619047619049892e-01 6.623944620150723495e+01 6.727674409921746701e+01
0.000000000000000000e+00 5.238095238095239470e-01 2.165420669007289689e+02 2.116510929008654784e+02
4.285714285714289917e-01 0.000000000000000000e+00 7.172539719977066852e+01 6.778151529942988418e+01
3.333333333333329818e-01 9.047619047619049892e-01 3.338020409864839166e+01 3.241392780182650313e+01
3.333333333333329818e-01 6.190476190476189577e-01 1.202824779829825275e+01 1.437400509894359857e+01
1.904761904761899938e-01 9.523809523809519950e-01 4.985914580174721777e+01 5.108637920056935400e+01
2.857142857142859760e-01 6.190476190476189577e-01 8.037154198973439634e+00 1.094264970015501603e+01
4.761904761904760253e-02 7.619047619047619735e-01 2.787315068999305367e+02 2.824107580017880537e+02
5.238095238095239470e-01 1.428571428571429880e-01 6.167745780112454668e+01 6.100819379935273901e+01
4.761904761904759975e-01 4.761904761904760253e-02 9.689062059987918474e+01 9.301966529892524704e+01
1.428571428571429880e-01 8.571428571428569843e-01 1.374566708000202198e+02 1.400429767018067650e+02
7.619047619047619735e-01 4.285714285714289917e-01 4.959179390061763115e+01 5.159142240154324099e+01
7.619047619047619735e-01 3.809523809523809867e-01 2.971401439936016686e+01 3.159119169868063182e+01
4.761904761904759975e-01 1.428571428571429880e-01 4.175518760166596621e+01 4.114606080111116171e+01
8.571428571428569843e-01 7.619047619047619735e-01 9.342633940104860812e+01 9.565277479850919917e+01
9.523809523809520505e-02 5.238095238095239470e-01 1.092191460993490182e+02 1.064109313010703772e+02
1.428571428571429880e-01 6.190476190476189577e-01 1.517026463989168406e+02 1.513219590997323394e+02
7.619047619047619735e-01 1.904761904761899938e-01 1.473648797000350896e+02 1.492960715986555442e+02
8.095238095238099785e-01 8.571428571428569843e-01 6.273013009922578931e+01 6.458404169825371355e+01
9.523809523809520505e-02 3.809523809523809867e-01 3.228861940078786574e+01 3.198970239827758633e+01
1.904761904761899938e-01 4.761904761904760253e-02 6.272999410066404380e+01 6.458404169825371355e+01
7.619047619047619735e-01 9.523809523809520505e-02 2.590961807982239407e+02 2.628518958990753163e+02
9.523809523809520505e-02 2.380952380952379988e-01 9.342633940104860812e+01 9.565277479850919917e+01
1.428571428571429880e-01 8.095238095238099785e-01 1.813561154012859333e+02 1.842074601991043892e+02
7.142857142857139685e-01 4.761904761904759975e-01 4.317140399871277623e+01 4.492463350106845610e+01
5.238095238095239470e-01 3.809523809523809867e-01 1.517026463989168406e+02 1.513219590997323394e+02
2.380952380952379988e-01 2.380952380952379988e-01 2.612495536013739184e+02 2.658255558999371715e+02
9.523809523809519950e-01 1.428571428571429880e-01 6.273013009922578931e+01 6.458404169825371355e+01
5.238095238095239470e-01 3.333333333333329818e-01 1.137909306016808841e+02 1.149219717990490608e+02
8.571428571428569843e-01 1.904761904761899938e-01 1.055325478009763174e+02 1.078452432993799448e+02
9.523809523809520505e-02 4.761904761904759975e-01 6.008790479972958565e+01 5.769425550170126371e+01
1.428571428571429880e-01 1.428571428571429880e-01 1.257764565998513717e+02 1.282782712005428039e+02
5.714285714285709528e-01 2.380952380952379988e-01 2.474834509848733433e+01 2.647150589837110601e+01
7.619047619047619735e-01 9.047619047619049892e-01 1.532652601017616689e+02 1.564850469985685777e+02
4.761904761904759975e-01 6.666666666666669627e-01 3.809675310185411945e+01 3.902017139989766292e+01
6.666666666666669627e-01 4.761904761904759975e-01 3.809675310185411945e+01 3.902017139989766292e+01
9.047619047619049892e-01 1.428571428571429880e-01 9.342633940104860812e+01 9.565277479850919917e+01
3.333333333333329818e-01 6.666666666666669627e-01 0.000000000000000000e+00 3.209854799933964387e+00
8.095238095238099785e-01 9.523809523809520505e-02 2.111494509990734514e+02 2.152095255005406216e+02
9.523809523809520505e-02 7.619047619047619735e-01 2.590961807982239407e+02 2.628518958990753163e+02
4.285714285714289917e-01 7.142857142857139685e-01 2.730648720171302557e+01 2.937985859898617491e+01
6.190476190476189577e-01 7.619047619047619735e-01 7.067966369868372567e+01 7.189193079830147326e+01
9.523809523809519950e-01 8.095238095238099785e-01 1.489027310999517795e+02 1.519238748987845611e+02
7.142857142857139685e-01 9.523809523809520505e-02 2.831813843986310530e+02 2.849755669994920027e+02
5.238095238095239470e-01 5.238095238095239470e-01 1.378913726002792828e+02 1.333087036000506487e+02
5.714285714285709528e-01 5.714285714285709528e-01 7.172539719977066852e+01 6.778151529942988418e+01
1.904761904761899938e-01 6.190476190476189577e-01 7.936757809875416569e+01 8.008255720051238313e+01
8.571428571428569843e-01 3.333333333333329818e-01 4.175518760166596621e+01 4.114592470068600960e+01
4.761904761904760253e-02 2.857142857142859760e-01 3.145540679906844161e+01 3.224875469823018648e+01
5.238095238095239470e-01 7.619047619047619735e-01 8.637859109876444563e+01 8.828651719886693172e+01
8.571428571428569843e-01 4.761904761904760253e-02 1.489027310999517795e+02 1.519238748987845611e+02
4.761904761904759975e-01 7.619047619047619735e-01 7.235561279958346859e+01 7.428898159923846833e+01
4.761904761904759975e-01 9.523809523809519950e-01 1.669608853990212083e+02 1.624835244001587853e+02
5.714285714285709528e-01 8.095238095238099785e-01 1.473648797000350896e+02 1.492960715986555442e+02
5.238095238095239470e-01 9.523809523809519950e-01 2.407018297999456991e+02 2.373684353005955927e+02
9.047619047619049892e-01 9.523809523809520505e-02 1.009513753997453023e+02 1.033557732007466257e+02
6.190476190476189577e-01 6.666666666666669627e-01 2.006635439829551615e+01 1.873952740061213262e+01
6.190476190476189577e-01 9.523809523809520505e-02 2.329143399983877316e+02 2.309325349015125539e+02
3.809523809523809867e-01 4.761904761904760253e-02 2.006635439829551615e+01 1.873952740061213262e+01
9.523809523809520505e-02 5.714285714285709528e-01 1.721540418984659482e+02 1.693704534009157214e+02
4.285714285714289917e-01 4.761904761904759975e-01 2.407018297999456991e+02 2.373684353005955927e+02
5.238095238095239470e-01 6.190476190476189577e-01 6.008790479972958565e+01 5.769425550170126371e+01
9.047619047619049892e-01 8.095238095238099785e-01 1.009513753997453023e+02 1.033557732007466257e+02
1.904761904761899938e-01 7.142857142857139685e-01 1.395964379007637035e+02 1.413608240000030492e+02
0.000000000000000000e+00 4.285714285714289917e-01 7.172539719977066852e+01 6.778151529942988418e+01
6.666666666666669627e-01 5.714285714285709528e-01 3.338020409864839166e+01 3.241392780182650313e+01
2.857142857142859760e-01 9.523809523809519950e-01 1.821638850015006028e+01 1.788563410082133487e+01
9.523809523809520505e-02 6.666666666666669627e-01 2.731991604996437673e+02 2.733769869009847753e+02
8.095238095238099785e-01 9.523809523809519950e-01 1.489027310999517795e+02 1.519238748987845611e+02
1.428571428571429880e-01 3.809523809523809867e-01 7.067966369868372567e+01 7.189193079830147326e+01
4.761904761904759975e-01 9.047619047619049892e-01 1.721540418984659482e+02 1.693704534009157214e+02
2.380952380952379988e-01 8.571428571428569843e-01 7.067966369868372567e+01 7.189193079830147326e+01
8.095238095238099785e-01 4.761904761904760253e-02 2.158521222991112154e+02 2.193115055015368853e+02
5.238095238095239470e-01 9.047619047619049892e-01 2.329143399983877316e+02 2.309326709982997272e+02
7.619047619047619735e-01 8.095238095238099785e-01 4.985914580174721777e+01 5.108637920056935400e+01
4.761904761904760253e-02 0.000000000000000000e+00 4.640221159934299067e+01 4.626139270112616941e+01
3.333333333333329818e-01 8.571428571428569843e-01 4.175518760166596621e+01 4.114592470068600960e+01
2.380952380952379988e-01 9.523809523809519950e-01 3.145540679906844161e+01 3.224889079865533859e+01
9.523809523809520505e-02 7.142857142857139685e-01 2.831813843986310530e+02 2.849755669994920027e+02
8.095238095238099785e-01 6.190476190476189577e-01 1.343220554990693927e+02 1.363595078000798821e+02
8.571428571428569843e-01 3.809523809523809867e-01 6.167745780112454668e+01 6.100832980155246332e+01
8.571428571428569843e-01 9.523809523809519950e-01 9.426077649914077483e+01 9.572311619922402315e+01
9.523809523809519950e-01 7.619047619047619735e-01 2.158521222991112154e+02 2.193116415000986308e+02
7.142857142857139685e-01 5.714285714285709528e-01 4.619431660103145987e+01 4.614588039839873090e+01
4.761904761904760253e-02 2.380952380952379988e-01 4.985914580174721777e+01 5.108637920056935400e+01
6.666666666666669627e-01 1.428571428571429880e-01 1.945193501014728099e+02 1.948677918007888366e+02
0.000000000000000000e+00 2.380952380952379988e-01 2.862351819931063801e+01 3.002816980006173253e+01
4.761904761904759975e-01 0.000000000000000000e+00 1.378913726002792828e+02 1.333087036000506487e+02
9.523809523809519950e-01 2.857142857142859760e-01 1.821638850015006028e+01 1.788563410082133487e+01
9.523809523809520505e-02 1.904761904761899938e-01 1.009513753997453023e+02 1.033557732007466257e+02
5.714285714285709528e-01 4.285714285714289917e-01 1.024065040983259678e+02 1.015628152017598040e+02
4.761904761904759975e-01 4.761904761904759975e-01 2.165420669007289689e+02 2.116510929008654784e+02
2.857142857142859760e-01 1.428571428571429880e-01 1.374566708000202198e+02 1.400429767018067650e+02
3.809523809523809867e-01 9.047619047619049892e-01 6.008790479972958565e+01 5.769425550170126371e+01
9.523809523809520505e-02 9.047619047619049892e-01 1.009513753997453023e+02 1.033557732007466257e+02
4.285714285714289917e-01 2.857142857142859760e-01 2.167604382993886247e+02 2.179733857010432985e+02
3.333333333333329818e-01 5.238095238095239470e-01 1.137909306016808841e+02 1.149219717990490608e+02
4.761904761904759975e-01 8.571428571428569843e-01 1.517026463989168406e+02 1.513219590997323394e+02
0.000000000000000000e+00 8.095238095238099785e-01 1.916526308013999369e+02 1.953275281994137913e+02
3.333333333333329818e-01 3.809523809523809867e-01 3.295622350997291505e+02 3.301815662016451824e+02
5.714285714285709528e-01 9.523809523809519950e-01 3.010637531988322735e+02 2.987759561983693857e+02
9.523809523809519950e-01 3.333333333333329818e-01 2.006635439829551615e+01 1.873952740061213262e+01
4.761904761904760253e-02 3.333333333333329818e-01 1.821638850015006028e+01 1.788563410082133487e+01
6.666666666666669627e-01 4.761904761904760253e-02 3.295623712001543026e+02 3.301817022984323557e+02
8.095238095238099785e-01 2.380952380952379988e-01 8.559694409996154718e+01 8.715602030133595690e+01
2.380952380952379988e-01 6.666666666666669627e-01 4.959179390061763115e+01 5.159142240154324099e+01
8.095238095238099785e-01 4.761904761904759975e-01 1.137909306016808841e+02 1.149219717990490608e+02
7.619047619047619735e-01 8.571428571428569843e-01 9.342633940104860812e+01 9.565277479850919917e+01
2.857142857142859760e-01 9.523809523809520505e-02 7.322800980182364583e+01 7.503974370047217235e+01
2.380952380952379988e-01 5.238095238095239470e-01 4.317140399871277623e+01 4.492463350106845610e+01
1.428571428571429880e-01 3.333333333333329818e-01 1.055325478009763174e+02 1.078452432993799448e+02
9.047619047619049892e-01 1.904761904761899938e-01 7.322800980182364583e+01 7.503974370047217235e+01
9.523809523809519950e-01 9.523809523809519950e-01 4.640221159934299067e+01 4.626139270112616941e+01
8.095238095238099785e-01 5.714285714285709528e-01 1.473648797000350896e+02 1.492960715986555442e+02
0.000000000000000000e+00 4.761904761904760253e-02 4.640221159934299067e+01 4.626139270112616941e+01
6.666666666666669627e-01 2.380952380952379988e-01 4.959179390061763115e+01 5.159142240154324099e+01
9.523809523809520505e-02 4.285714285714289917e-01 3.338020409864839166e+01 3.241392780182650313e+01
4.285714285714289917e-01 9.047619047619049892e-01 1.092191460993490182e+02 1.064109313010703772e+02
2.857142857142859760e-01 4.761904761904760253e-02 3.145540679906844161e+01 3.224875469823018648e+01
6.666666666666669627e-01 9.523809523809519950e-01 3.210766373013029806e+02 3.236155954000423662e+02
9.047619047619049892e-01 2.857142857142859760e-01 3.228861940078786574e+01 3.198970239827758633e+01
4.761904761904759975e-01 3.809523809523809867e-01 2.329143399983877316e+02 2.309326709982997272e+02
5.714285714285709528e-01 8.571428571428569843e-01 2.167604382993886247e+02 2.179733857010432985e+02
1.904761904761899938e-01 5.238095238095239470e-01 3.809675310185411945e+01 3.902017139989766292e+01
8.571428571428569843e-01 8.571428571428569843e-01 5.316668939849478193e+01 5.470848640106851235e+01
4.761904761904759975e-01 4.285714285714289917e-01 2.407018297999456991e+02 2.373684353005955927e+02
8.095238095238099785e-01 4.285714285714289917e-01 7.936757809875416569e+01 8.008255720051238313e+01
6.190476190476189577e-01 9.523809523809519950e-01 3.295622350997291505e+02 3.301815662016451824e+02
8.571428571428569843e-01 8.095238095238099785e-01 6.273013009922578931e+01 6.458404169825371355e+01
8.571428571428569843e-01 2.857142857142859760e-01 4.619431660103145987e+01 4.614588039839873090e+01
6.666666666666669627e-01 9.047619047619049892e-01 2.590961807982239407e+02 2.628518958990753163e+02
4.761904761904760253e-02 8.095238095238099785e-01 2.158521222991112154e+02 2.193115055015368853e+02
5.714285714285709528e-01 7.619047619047619735e-01 8.559694409996154718e+01 8.715602030133595690e+01
0.000000000000000000e+00 2.857142857142859760e-01 1.466693570182542317e+01 1.480204020117525943e+01
6.666666666666669627e-01 6.190476190476189577e-01 2.006635439829551615e+01 1.873952740061213262e+01
7.619047619047619735e-01 0.000000000000000000e+00 2.612495536013739184e+02 2.658255558999371715e+02
9.523809523809519950e-01 4.761904761904759975e-01 1.669608853990212083e+02 1.624835244001587853e+02
8.571428571428569843e-01 9.523809523809520505e-02 1.532652601017616689e+02 1.564850469985685777e+02
1.904761904761899938e-01 4.761904761904759975e-01 5.042337379927630536e+01 5.164843030070187524e+01
3.809523809523809867e-01 1.428571428571429880e-01 7.067966369868372567e+01 7.189193079830147326e+01
0.000000000000000000e+00 7.619047619047619735e-01 2.612495536013739184e+02 2.658255558999371715e+02
9.047619047619049892e-01 5.714285714285709528e-01 2.731991604996437673e+02 2.733769869009847753e+02
6.666666666666669627e-01 6.666666666666669627e-01 1.123503599956165999e+01 1.023270469886483625e+01
8.095238095238099785e-01 1.904761904761899938e-01 1.343220554990693927e+02 1.363595078000798821e+02
9.523809523809519950e-01 6.190476190476189577e-01 3.295622350997291505e+02 3.301815662016451824e+02
8.571428571428569843e-01 7.142857142857139685e-01 1.374566708000202198e+02 1.400429767018067650e+02
2.380952380952379988e-01 7.619047619047619735e-01 8.637859109876444563e+01 8.828651719886693172e+01
3.333333333333329818e-01 8.095238095238099785e-01 3.809675310185411945e+01 3.902017139989766292e+01
7.142857142857139685e-01 1.904761904761899938e-01 1.395964379007637035e+02 1.413608240000030492e+02
5.238095238095239470e-01 4.285714285714289917e-01 1.721540418984659482e+02 1.693704534009157214e+02
9.047619047619049892e-01 2.380952380952379988e-01 4.880756180136813782e+01 4.992037139891181141e+01
4.761904761904760253e-02 4.285714285714289917e-01 4.606383810096303932e+01 4.310133470062282868e+01
6.190476190476189577e-01 6.190476190476189577e-01 2.869508410003618337e+01 2.612115940064541064e+01
3.809523809523809867e-01 7.619047619047619735e-01 2.971401439936016686e+01 3.159119169868063182e+01
9.523809523809519950e-01 7.142857142857139685e-01 2.787315068999305367e+02 2.824108940985752270e+02
2.857142857142859760e-01 9.047619047619049892e-01 3.228861940078786574e+01 3.198970239827758633e+01
3.809523809523809867e-01 1.904761904761899938e-01 1.343220554990693927e+02 1.363595078000798821e+02
7.142857142857139685e-01 8.095238095238099785e-01 7.322800980182364583e+01 7.503974370047217235e+01
7.142857142857139685e-01 4.761904761904760253e-02 3.210766373013029806e+02 3.236155954000423662e+02
2.380952380952379988e-01 4.761904761904760253e-02 4.985914580174721777e+01 5.108637920056935400e+01
1.904761904761899938e-01 1.428571428571429880e-01 1.489027310999517795e+02 1.519238748987845611e+02
2.857142857142859760e-01 8.095238095238099785e-01 5.042337379927630536e+01 5.164856629926362075e+01
9.047619047619049892e-01 7.619047619047619735e-01 1.532652601017616689e+02 1.564850469985685777e+02
8.095238095238099785e-01 7.142857142857139685e-01 7.322800980182364583e+01 7.503974370047217235e+01
3.333333333333329818e-01 4.761904761904760253e-02 1.821638850015006028e+01 1.788563410082133487e+01
6.190476190476189577e-01 3.333333333333329818e-01 1.202824779829825275e+01 1.437400509894359857e+01
6.190476190476189577e-01 3.809523809523809867e-01 2.971401439936016686e+01 3.159119169868063182e+01
2.857142857142859760e-01 2.857142857142859760e-01 3.185903332014277112e+02 3.224558463007269893e+02
7.619047619047619735e-01 5.714285714285709528e-01 8.559694409996154718e+01 8.715602030133595690e+01
4.761904761904759975e-01 2.857142857142859760e-01 1.395964379007637035e+02 1.413608240000030492e+02
4.761904761904760253e-02 7.142857142857139685e-01 3.210766373013029806e+02 3.236155954000423662e+02
3.333333333333329818e-01 5.714285714285709528e-01 4.959179390061763115e+01 5.159142240154324099e+01
2.857142857142859760e-01 5.714285714285709528e-01 2.730648720171302557e+01 2.937985859898617491e+01
3.809523809523809867e-01 6.190476190476189577e-01 2.971401439936016686e+01 3.159119169868063182e+01
4.761904761904759975e-01 2.380952380952379988e-01 8.637859109876444563e+01 8.828651719886693172e+01
4.285714285714289917e-01 9.523809523809520505e-02 3.338020409864839166e+01 3.241392780182650313e+01
1.904761904761899938e-01 6.666666666666669627e-01 1.137909306016808841e+02 1.149219717990490608e+02
7.142857142857139685e-01 1.428571428571429880e-01 2.167604382993886247e+02 2.179733857010432985e+02
1.428571428571429880e-01 9.523809523809520505e-02 9.426077649914077483e+01 9.572311619922402315e+01
6.666666666666669627e-01 7.142857142857139685e-01 1.821638850015006028e+01 1.788563410082133487e+01
5.714285714285709528e-01 6.666666666666669627e-01 3.338020409864839166e+01 3.241392780182650313e+01
9.523809523809519950e-01 5.238095238095239470e-01 2.407018297999456991e+02 2.373684353005955927e+02
7.142857142857139685e-01 9.047619047619049892e-01 2.111494509990734514e+02 2.152095255005406216e+02
2.380952380952379988e-01 4.761904761904759975e-01 8.637859109876444563e+01 8.828651719886693172e+01
2.380952380952379988e-01 4.285714285714289917e-01 1.473648797000350896e+02 1.492960715986555442e+02
2.857142857142859760e-01 2.380952380952379988e-01 2.787315068999305367e+02 2.824107580017880537e+02
1.904761904761899938e-01 8.571428571428569843e-01 1.055325478009763174e+02 1.078452432993799448e+02
1.904761904761899938e-01 0.000000000000000000e+00 4.493783100042492151e+01 4.609050519866286777e+01
3.333333333333329818e-01 4.285714285714289917e-01 2.731991604996437673e+02 2.733768508005596232e+02
8.571428571428569843e-01 5.238095238095239470e-01 1.945193501014728099e+02 1.948677918007888366e+02
9.523809523809520505e-02 1.428571428571429880e-01 9.426077649914077483e+01 9.572311619922402315e+01
2.857142857142859760e-01 0.000000000000000000e+00 1.466693570182542317e+01 1.480204020117525943e+01
7.142857142857139685e-01 2.857142857142859760e-01 2.730648720171302557e+01 2.937985859898617491e+01
3.809523809523809867e-01 4.761904761904759975e-01 2.329143399983877316e+02 2.309326709982997272e+02
4.285714285714289917e-01 6.666666666666669627e-01 2.474834509848733433e+01 2.647150589837110601e+01
1.904761904761899938e-01 3.809523809523809867e-01 1.343220554990693927e+02 1.363595078000798821e+02
1.428571428571429880e-01 4.285714285714289917e-01 4.619431660103145987e+01 4.614588039839873090e+01
7.142857142857139685e-01 3.333333333333329818e-01 8.037154198973439634e+00 1.094264970015501603e+01
9.523809523809519950e-01 9.047619047619049892e-01 5.970109500049147755e+01 5.987089400150580332e+01
5.238095238095239470e-01 6.666666666666669627e-01 4.175532369845313951e+01 4.114606080111116171e+01
9.523809523809520505e-02 9.523809523809520505e-02 7.699420129938516766e+01 7.776850119989831001e+01
8.095238095238099785e-01 9.047619047619049892e-01 1.009513753997453023e+02 1.033557732007466257e+02
8.571428571428569843e-01 2.380952380952379988e-01 7.067966369868372567e+01 7.189193079830147326e+01
2.380952380952379988e-01 9.523809523809520505e-02 9.342633940104860812e+01 9.565277479850919917e+01
9.523809523809519950e-01 3.809523809523809867e-01 4.606383810096303932e+01 4.310133470062282868e+01
4.761904761904759975e-01 5.714285714285709528e-01 1.092191460993490182e+02 1.064109313010703772e+02
3.809523809523809867e-01 2.857142857142859760e-01 2.831813843986310530e+02 2.849755669994920027e+02
2.857142857142859760e-01 3.333333333333329818e-01 3.210766373013029806e+02 3.236155954000423662e+02
3.809523809523809867e-01 9.523809523809519950e-01 4.606383810096303932e+01 4.310133470062282868e+01
6.666666666666669627e-01 3.809523809523809867e-01 8.037154198973439634e+00 1.094264970015501603e+01
3.809523809523809867e-01 5.238095238095239470e-01 1.517026463989168406e+02 1.513219590997323394e+02
5.714285714285709528e-01 2.857142857142859760e-01 2.730648720171302557e+01 2.937985859898617491e+01
3.809523809523809867e-01 4.285714285714289917e-01 3.010637531988322735e+02 2.987759561983693857e+02
9.523809523809520505e-02 4.761904761904760253e-02 5.970109500049147755e+01 5.987089400150580332e+01
1.428571428571429880e-01 9.523809523809519950e-01 6.273013009922578931e+01 6.458404169825371355e+01
5.238095238095239470e-01 5.714285714285709528e-01 9.689075670030433685e+01 9.301966529892524704e+01
1.904761904761899938e-01 7.619047619047619735e-01 1.473648797000350896e+02 1.492960715986555442e+02
6.666666666666669627e-01 9.523809523809520505e-02 2.731991604996437673e+02 2.733769869009847753e+02
9.047619047619049892e-01 4.761904761904760253e-02 9.426077649914077483e+01 9.572311619922402315e+01
8.095238095238099785e-01 2.857142857142859760e-01 5.042337379927630536e+01 5.164856629926362075e+01
6.190476190476189577e-01 7.142857142857139685e-01 3.228861940078786574e+01 3.198970239827758633e+01
8.571428571428569843e-01 4.285714285714289917e-01 1.024065040983259678e+02 1.015628152017598040e+02
3.333333333333329818e-01 0.000000000000000000e+00 1.123503599956165999e+01 1.023270469886483625e+01
2.857142857142859760e-01 4.285714285714289917e-01 2.167604382993886247e+02 2.179733857010432985e+02
9.523809523809520505e-02 8.571428571428569843e-01 1.532652601017616689e+02 1.564850469985685777e+02
0.000000000000000000e+00 9.047619047619049892e-01 7.699420129938516766e+01 7.776850119989831001e+01
1.904761904761899938e-01 5.714285714285709528e-01 5.014731430128449574e+01 5.068718819893547334e+01
9.047619047619049892e-01 7.142857142857139685e-01 2.111494509990734514e+02 2.152095255005406216e+02
1.904761904761899938e-01 9.523809523809520505e-02 1.009513753997453023e+02 1.033557732007466257e+02
4.285714285714289917e-01 8.095238095238099785e-01 7.936757809875416569e+01 8.008255720051238313e+01
9.523809523809519950e-01 5.714285714285709528e-01 3.010637531988322735e+02 2.987759561983693857e+02
4.761904761904760253e-02 9.523809523809519950e-01 5.970109500049147755e+01 5.987089400150580332e+01
9.047619047619049892e-01 6.666666666666669627e-01 2.590961807982239407e+02 2.628518958990753163e+02
5.714285714285709528e-01 4.761904761904759975e-01 1.092191460993490182e+02 1.064109313010703772e+02
2.857142857142859760e-01 7.619047619047619735e-01 4.317140399871277623e+01 4.492463350106845610e+01
5.238095238095239470e-01 1.904761904761899938e-01 3.809675310185411945e+01 3.902017139989766292e+01
1.904761904761899938e-01 4.285714285714289917e-01 8.559694409996154718e+01 8.715602030133595690e+01
9.523809523809519950e-01 9.523809523809520505e-02 6.623958229829440825e+01 6.727674409921746701e+01
1.428571428571429880e-01 7.142857142857139685e-01 2.167604382993886247e+02 2.179733857010432985e+02
9.047619047619049892e-01 4.285714285714289917e-01 1.092191460993490182e+02 1.064109313010703772e+02
2.380952380952379988e-01 8.095238095238099785e-01 8.559694409996154718e+01 8.715602030133595690e+01
4.285714285714289917e-01 4.761904761904760253e-02 4.606383810096303932e+01 4.310133470062282868e+01
6.190476190476189577e-01 4.285714285714289917e-01 5.014731430128449574e+01 5.068718819893547334e+01
0.000000000000000000e+00 6.190476190476189577e-01 3.367333870992297307e+02 3.354026142988004722e+02
3.809523809523809867e-01 5.714285714285709528e-01 7.936757809875416569e+01 8.008255720051238313e+01
6.190476190476189577e-01 0.000000000000000000e+00 3.367333870992297307e+02 3.354026142988004722e+02
2.857142857142859760e-01 4.761904761904759975e-01 1.395964379007637035e+02 1.413608240000030492e+02
4.761904761904760253e-02 1.904761904761899938e-01 6.272999410066404380e+01 6.458404169825371355e+01
9.523809523809519950e-01 4.285714285714289917e-01 9.689075670030433685e+01 9.301966529892524704e+01
5.238095238095239470e-01 8.095238095238099785e-01 1.395964379007637035e+02 1.413608240000030492e+02
2.380952380952379988e-01 1.904761904761899938e-01 2.158521222991112154e+02 2.193116415000986308e+02
4.761904761904759975e-01 5.238095238095239470e-01 1.669608853990212083e+02 1.624835244001587853e+02
0.000000000000000000e+00 9.523809523809520505e-02 5.346900790027575567e+01 5.356914579897420481e+01
8.571428571428569843e-01 6.190476190476189577e-01 2.108869971998501569e+02 2.136870485992403701e+02
6.666666666666669627e-01 3.333333333333329818e-01 0.000000000000000000e+00 3.209854799933964387e+00
3.809523809523809867e-01 9.523809523809520505e-02 3.228861940078786574e+01 3.198970239827758633e+01
5.714285714285709528e-01 3.333333333333329818e-01 4.959179390061763115e+01 5.159142240154324099e+01
6.666666666666669627e-01 8.095238095238099785e-01 1.055325478009763174e+02 1.078452432993799448e+02
2.857142857142859760e-01 3.809523809523809867e-01 2.831813843986310530e+02 2.849755669994920027e+02
7.619047619047619735e-01 6.190476190476189577e-01 7.067966369868372567e+01 7.189193079830147326e+01
9.523809523809519950e-01 4.761904761904760253e-02 5.970109500049147755e+01 5.987089400150580332e+01
5.238095238095239470e-01 8.571428571428569843e-01 1.945193501014728099e+02 1.948677918007888366e+02
6.190476190476189577e-01 2.857142857142859760e-01 8.037154198973439634e+00 1.094264970015501603e+01
4.761904761904760253e-02 5.714285714285709528e-01 2.407018297999456991e+02 2.373684353005955927e+02
5.238095238095239470e-01 4.761904761904760253e-02 1.669608853990212083e+02 1.624835244001587853e+02
8.095238095238099785e-01 3.333333333333329818e-01 3.809675310185411945e+01 3.902017139989766292e+01
4.761904761904759975e-01 1.904761904761899938e-01 5.042337379927630536e+01 5.164843030070187524e+01
4.761904761904759975e-01 6.190476190476189577e-01 6.167745780112454668e+01 6.100819379935273901e+01
2.857142857142859760e-01 1.904761904761899938e-01 2.111494509990734514e+02 2.152095255005406216e+02
2.857142857142859760e-01 7.142857142857139685e-01 2.730648720171302557e+01 2.937985859898617491e+01
6.190476190476189577e-01 4.761904761904759975e-01 6.167745780112454668e+01 6.100819379935273901e+01
7.619047619047619735e-01 2.857142857142859760e-01 4.317140399871277623e+01 4.492463350106845610e+01
8.571428571428569843e-01 4.761904761904759975e-01 1.517026463989168406e+02 1.513219590997323394e+02
1.904761904761899938e-01 1.904761904761899938e-01 1.916526308013999369e+02 1.953275281994137913e+02
